	S100.8123_S2	S101.8118_S3	S102.8145_S4	S103.8150_S5	S104.8162_S6	S105.8151_S7	S106.8079_S8	S107.8192_S9	S108.8103_S10	S109.8446_S11	S110.8096_S12	S111.8449_S13	S112.8459_S14	S113.8451_S15	S114.8452_S16	S115.8234_S17	S116.8209_S18	S117.8026_S19	S118.8490_S20	S119.8130_S21	S120.8477_S22	S121.8264_S23	S122.8134_S24	S123.8176_S25	S124.8224_S26	S125.8210_S27	S126.8135_S28	S127.8112_S29	S128.8202_S30	S129.8204_S31	S130.8507_S32	S131.8274_S33	S132.8297_S34	S133.8222_S35	S134.8546_S36	S135.8381_S37	S136.8391_S38	S137.8574_S39	S138.8047_S40	S139.8583_S41	S140.8013_S42	S141.8080_S43	S142.8621_S44	S143.8071_S45	S144.8417_S46	S145.8371_S47	S146.8430_S48	S147.8369_S49	S148.8242_S50	S149.8312_S51
S100.8123_S2	0.0	13446.0	47911.0	13971.0	13425.0	19015.0	19734.0	32135.0	19477.0	13971.0	31746.0	14496.0	13672.0	25332.0	53495.0	20183.0	27798.0	13401.0	25817.0	13971.0	13474.0	13253.0	13840.0	13801.0	11773.0	15722.0	13716.0	13879.0	13848.0	19320.0	13688.0	14777.0	15115.0	19782.0	18859.0	14485.0	13971.0	11585.0	16558.0	13971.0	12026.0	12299.0	13632.0	13767.0	20173.0	16812.0	13835.0	22922.0	28875.0	22333.0
S101.8118_S3	13446.0	0.0	47911.0	6578.0	14165.0	19015.0	19734.0	33473.0	20815.0	6184.0	31746.0	14496.0	7170.0	21231.0	49394.0	16082.0	27768.0	13303.0	25817.0	6834.0	6313.0	7994.0	7069.0	10776.0	6578.0	11621.0	6266.0	13001.0	10123.0	20443.0	6640.0	14777.0	11014.0	21120.0	18859.0	14485.0	10896.0	6578.0	12457.0	9075.0	11004.0	9302.0	13632.0	5356.0	20075.0	12643.0	6578.0	22625.0	30213.0	22333.0
S102.8145_S4	47911.0	47911.0	0.0	47911.0	47911.0	47911.0	47911.0	47911.0	47911.0	47911.0	47901.0	47911.0	47911.0	34153.0	47911.0	47911.0	47911.0	47905.0	47911.0	47911.0	47911.0	47911.0	47876.0	47908.0	47911.0	47911.0	47911.0	47911.0	47911.0	47911.0	47911.0	33134.0	47911.0	47911.0	47911.0	47911.0	47911.0	47911.0	47911.0	47911.0	47911.0	47911.0	47911.0	47911.0	47911.0	47911.0	47911.0	47906.0	47911.0	25578.0
S103.8150_S5	13971.0	6578.0	47911.0	0.0	14651.0	19015.0	19704.0	37312.0	24654.0	9816.0	28391.0	14308.0	6726.0	21878.0	50041.0	16729.0	27798.0	13401.0	25817.0	5395.0	5395.0	7994.0	5395.0	11074.0	10120.0	12268.0	6126.0	13485.0	10123.0	20443.0	5395.0	14777.0	11661.0	24959.0	18671.0	14485.0	14034.0	5395.0	13104.0	9075.0	14843.0	10988.0	13632.0	4669.0	20173.0	16514.0	5626.0	21193.0	34052.0	22333.0
S104.8162_S6	13425.0	14165.0	47911.0	14651.0	0.0	19015.0	16001.0	26851.0	15259.0	14274.0	26383.0	14719.0	14717.0	25304.0	53467.0	20155.0	27798.0	14275.0	25817.0	14726.0	14249.0	14403.0	14749.0	14407.0	14349.0	15694.0	13617.0	14609.0	11900.0	20443.0	14710.0	14777.0	15087.0	14636.0	16754.0	14511.0	13868.0	14354.0	16530.0	13981.0	14507.0	14720.0	14300.0	14544.0	20173.0	16812.0	13952.0	22922.0	23591.0	22333.0
S105.8151_S7	19015.0	19015.0	47911.0	19015.0	19015.0	0.0	19734.0	30056.0	19015.0	19015.0	31746.0	19015.0	19015.0	25312.0	53475.0	20163.0	27798.0	18509.0	25817.0	19015.0	19015.0	19015.0	19015.0	19015.0	19015.0	19015.0	19015.0	19015.0	19015.0	20443.0	19015.0	19015.0	19015.0	19015.0	19015.0	19015.0	19015.0	19015.0	19015.0	19015.0	19015.0	19015.0	19015.0	19015.0	19015.0	19015.0	19015.0	22922.0	26796.0	22333.0
S106.8079_S8	19734.0	19734.0	47911.0	19704.0	16001.0	19734.0	0.0	37048.0	24390.0	19663.0	31576.0	19734.0	19734.0	25317.0	53480.0	20168.0	27798.0	17196.0	25817.0	19734.0	19734.0	19734.0	19734.0	19734.0	18480.0	19112.0	19734.0	19734.0	19734.0	20443.0	19734.0	19734.0	19594.0	24695.0	18720.0	19734.0	15948.0	19734.0	19734.0	19734.0	18762.0	19730.0	19734.0	19734.0	19734.0	19734.0	19734.0	22922.0	33788.0	22333.0
S107.8192_S9	32135.0	33473.0	47911.0	37312.0	26851.0	30056.0	37048.0	0.0	16794.0	27496.0	31739.0	38452.0	40643.0	40541.0	53495.0	22530.0	36550.0	32588.0	37807.0	40307.0	37478.0	38910.0	40542.0	34046.0	27192.0	38581.0	39580.0	37446.0	38386.0	40643.0	40113.0	40503.0	39322.0	12353.0	39107.0	40643.0	23278.0	37037.0	37168.0	40563.0	22469.0	26324.0	30221.0	36467.0	34649.0	39715.0	37341.0	39587.0	14876.0	40346.0
S108.8103_S10	19477.0	20815.0	47911.0	24654.0	15259.0	19015.0	24390.0	16794.0	0.0	18577.0	25896.0	25794.0	27985.0	27883.0	53495.0	20183.0	27798.0	19930.0	25817.0	27649.0	24820.0	26252.0	27884.0	21388.0	18717.0	25923.0	26922.0	24788.0	25728.0	27985.0	27455.0	27845.0	26664.0	16724.0	26449.0	27985.0	18647.0	24379.0	24510.0	27905.0	18350.0	18445.0	18717.0	23809.0	21991.0	27057.0	24683.0	26929.0	18717.0	27688.0
S109.8446_S11	13971.0	6184.0	47911.0	9816.0	14274.0	19015.0	19663.0	27496.0	18577.0	0.0	30048.0	14407.0	13147.0	20815.0	48978.0	15666.0	27798.0	11730.0	25817.0	12811.0	9982.0	11414.0	13046.0	11027.0	6390.0	11205.0	12084.0	12134.0	10890.0	20443.0	12617.0	14777.0	11826.0	15143.0	18770.0	13147.0	9323.0	9541.0	12041.0	13067.0	9892.0	6390.0	13632.0	8971.0	18502.0	15413.0	9845.0	19602.0	24236.0	22333.0
S110.8096_S12	31746.0	31746.0	47901.0	28391.0	26383.0	31746.0	31576.0	31739.0	25896.0	30048.0	0.0	31746.0	31746.0	31746.0	53411.0	31541.0	31746.0	31155.0	27754.0	31729.0	31473.0	31746.0	31746.0	30487.0	28045.0	26843.0	31746.0	31723.0	27985.0	31746.0	31667.0	31746.0	31511.0	30602.0	29573.0	31487.0	31746.0	31613.0	31746.0	31746.0	23070.0	31746.0	31746.0	31746.0	31746.0	31746.0	31746.0	31746.0	27908.0	31733.0
S111.8449_S13	14496.0	14496.0	47911.0	14308.0	14719.0	19015.0	19734.0	38452.0	25794.0	14407.0	31746.0	0.0	14496.0	25308.0	53471.0	20159.0	27798.0	14454.0	25817.0	14496.0	14347.0	14496.0	14496.0	14496.0	14492.0	15698.0	14496.0	14141.0	14295.0	16253.0	14437.0	14777.0	15091.0	26099.0	10324.0	14496.0	15174.0	14496.0	16534.0	14496.0	15983.0	14496.0	14496.0	14485.0	19531.0	15745.0	14496.0	22376.0	35192.0	22333.0
S112.8459_S14	13672.0	7170.0	47911.0	6726.0	14717.0	19015.0	19734.0	40643.0	27985.0	13147.0	31746.0	14496.0	0.0	15298.0	43461.0	18113.0	27798.0	10847.0	25817.0	6726.0	8467.0	5351.0	9756.0	11023.0	13451.0	6726.0	6726.0	13485.0	10123.0	16253.0	6808.0	14777.0	7053.0	28290.0	18859.0	14485.0	17365.0	9936.0	6726.0	9075.0	18174.0	14319.0	13632.0	6726.0	17619.0	16812.0	7387.0	22922.0	37383.0	22333.0
S113.8451_S15	25332.0	21231.0	34153.0	21878.0	25304.0	25312.0	25317.0	40541.0	27883.0	20815.0	31746.0	25308.0	15298.0	0.0	28163.0	18011.0	27798.0	25285.0	25324.0	17958.0	23765.0	20495.0	25054.0	25111.0	25332.0	13758.0	21384.0	25296.0	24518.0	25277.0	22106.0	13339.0	13758.0	28188.0	25280.0	25313.0	25332.0	25234.0	13758.0	24233.0	18072.0	25291.0	25332.0	21504.0	25332.0	22952.0	22685.0	24157.0	37281.0	14476.0
S114.8452_S16	53495.0	49394.0	47911.0	50041.0	53467.0	53475.0	53480.0	53495.0	53495.0	48978.0	53411.0	53471.0	43461.0	28163.0	0.0	33312.0	53468.0	53448.0	48747.0	46121.0	51928.0	48658.0	53217.0	53274.0	53495.0	37773.0	49547.0	53459.0	52681.0	53440.0	50269.0	41502.0	38380.0	53463.0	53443.0	53476.0	53495.0	53397.0	36937.0	52396.0	41469.0	53454.0	53495.0	49667.0	53495.0	51115.0	50848.0	52320.0	53483.0	42639.0
S115.8234_S17	20183.0	16082.0	47911.0	16729.0	20155.0	20163.0	20168.0	22530.0	20183.0	15666.0	31541.0	20159.0	18113.0	18011.0	33312.0	0.0	27798.0	20136.0	25817.0	17777.0	18616.0	16380.0	19905.0	19962.0	20183.0	16051.0	17050.0	20147.0	19369.0	20128.0	17583.0	17973.0	16792.0	20151.0	20131.0	20164.0	20183.0	20085.0	14638.0	19084.0	9892.0	20142.0	20183.0	16355.0	20183.0	17803.0	17536.0	22922.0	20171.0	22333.0
S116.8209_S18	27798.0	27768.0	47911.0	27798.0	27798.0	27798.0	27798.0	36550.0	27798.0	27798.0	31746.0	27798.0	27798.0	27798.0	53468.0	27798.0	0.0	27798.0	27798.0	27798.0	27798.0	27798.0	27792.0	27798.0	27798.0	27798.0	27798.0	27798.0	27798.0	27798.0	27768.0	27798.0	27798.0	27798.0	27792.0	27798.0	27798.0	27642.0	27798.0	27798.0	27798.0	27798.0	27798.0	27798.0	27788.0	27798.0	27798.0	27798.0	33290.0	27798.0
S117.8026_S19	13401.0	13303.0	47905.0	13401.0	14275.0	18509.0	17196.0	32588.0	19930.0	11730.0	31155.0	14454.0	10847.0	25285.0	53448.0	20136.0	27798.0	0.0	25817.0	13401.0	13401.0	13401.0	13401.0	11231.0	13401.0	15675.0	13401.0	13485.0	11734.0	20443.0	13374.0	14771.0	15068.0	20235.0	18817.0	14485.0	9310.0	11806.0	16511.0	13401.0	12956.0	12810.0	13632.0	13401.0	13034.0	16495.0	13401.0	22922.0	29328.0	22327.0
S118.8490_S20	25817.0	25817.0	47911.0	25817.0	25817.0	25817.0	25817.0	37807.0	25817.0	25817.0	27754.0	25817.0	25817.0	25324.0	48747.0	25817.0	27798.0	25817.0	0.0	20506.0	25817.0	25817.0	25726.0	25817.0	25817.0	25817.0	25817.0	25817.0	25817.0	25817.0	25048.0	25507.0	25817.0	25817.0	25817.0	19521.0	25817.0	25817.0	25817.0	25600.0	25817.0	25817.0	25817.0	25817.0	25817.0	25817.0	25817.0	25579.0	34547.0	23264.0
S119.8130_S21	13971.0	6834.0	47911.0	5395.0	14726.0	19015.0	19734.0	40307.0	27649.0	12811.0	31729.0	14496.0	6726.0	17958.0	46121.0	17777.0	27798.0	13401.0	20506.0	0.0	5807.0	7994.0	7096.0	11080.0	13115.0	8348.0	5311.0	13485.0	10123.0	20443.0	4542.0	14777.0	7741.0	27954.0	18859.0	14485.0	17029.0	7276.0	9184.0	9075.0	17838.0	13983.0	13632.0	8531.0	20173.0	16005.0	5311.0	22922.0	37047.0	22333.0
S120.8477_S22	13474.0	6313.0	47911.0	5395.0	14249.0	19015.0	19734.0	37478.0	24820.0	9982.0	31473.0	14347.0	8467.0	23765.0	51928.0	18616.0	27798.0	13401.0	25817.0	5807.0	0.0	7994.0	4883.0	11080.0	10286.0	14155.0	5701.0	12018.0	10123.0	20443.0	4815.0	14777.0	13548.0	25125.0	18710.0	14249.0	14200.0	4883.0	14991.0	9075.0	15009.0	11154.0	13632.0	8498.0	20173.0	15934.0	5201.0	22922.0	34218.0	22333.0
S121.8264_S23	13253.0	7994.0	47911.0	7994.0	14403.0	19015.0	19734.0	38910.0	26252.0	11414.0	31746.0	14496.0	5351.0	20495.0	48658.0	16380.0	27798.0	13401.0	25817.0	7994.0	7994.0	0.0	7994.0	11078.0	11718.0	10885.0	7994.0	13485.0	10123.0	16253.0	7911.0	14777.0	10278.0	26557.0	18859.0	14485.0	15632.0	7419.0	11721.0	9075.0	16441.0	12586.0	13632.0	7994.0	20173.0	16812.0	7373.0	22922.0	35650.0	22333.0
S122.8134_S24	13840.0	7069.0	47876.0	5395.0	14749.0	19015.0	19734.0	40542.0	27884.0	13046.0	31746.0	14496.0	9756.0	25054.0	53217.0	19905.0	27792.0	13401.0	25726.0	7096.0	4883.0	7994.0	0.0	11020.0	13350.0	15444.0	5954.0	13485.0	10123.0	20443.0	2948.0	14742.0	14837.0	28189.0	18859.0	14485.0	17264.0	3505.0	16280.0	9075.0	18073.0	14218.0	13632.0	8172.0	20173.0	16671.0	5454.0	22867.0	37282.0	22298.0
S123.8176_S25	13801.0	10776.0	47908.0	11074.0	14407.0	19015.0	19734.0	34046.0	21388.0	11027.0	30487.0	14496.0	11023.0	25111.0	53274.0	19962.0	27798.0	11231.0	25817.0	11080.0	11080.0	11078.0	11020.0	0.0	10879.0	15501.0	11075.0	13485.0	11067.0	20443.0	10835.0	14774.0	14894.0	21693.0	18859.0	14485.0	11070.0	10538.0	16337.0	11057.0	11805.0	10733.0	13632.0	11064.0	18003.0	16730.0	11080.0	22922.0	30786.0	22330.0
S124.8224_S26	11773.0	6578.0	47911.0	10120.0	14349.0	19015.0	18480.0	27192.0	18717.0	6390.0	28045.0	14492.0	13451.0	25332.0	53495.0	20183.0	27798.0	13401.0	25817.0	13115.0	10286.0	11718.0	13350.0	10879.0	0.0	15722.0	12388.0	13485.0	11194.0	20443.0	12921.0	14777.0	15115.0	14839.0	18855.0	14485.0	10994.0	9845.0	16558.0	13371.0	12026.0	9323.0	13632.0	9275.0	20173.0	16812.0	10149.0	22922.0	23932.0	22333.0
S125.8210_S27	15722.0	11621.0	47911.0	12268.0	15694.0	19015.0	19112.0	38581.0	25923.0	11205.0	26843.0	15698.0	6726.0	13758.0	37773.0	16051.0	27798.0	15675.0	25817.0	8348.0	14155.0	10885.0	15444.0	15501.0	15722.0	0.0	11774.0	15686.0	14908.0	20443.0	12496.0	14777.0	7053.0	26228.0	18859.0	15703.0	15722.0	15624.0	4903.0	14623.0	16112.0	15681.0	15722.0	11894.0	19157.0	15057.0	13075.0	22922.0	35321.0	22333.0
S126.8135_S28	13716.0	6266.0	47911.0	6126.0	13617.0	19015.0	19734.0	39580.0	26922.0	12084.0	31746.0	14496.0	6726.0	21384.0	49547.0	17050.0	27798.0	13401.0	25817.0	5311.0	5701.0	7994.0	5954.0	11075.0	12388.0	11774.0	0.0	13485.0	10123.0	20443.0	4673.0	14777.0	11167.0	27227.0	18859.0	14485.0	16302.0	6126.0	12610.0	9075.0	17111.0	13256.0	13632.0	6126.0	20173.0	15222.0	5292.0	21985.0	36320.0	22333.0
S127.8112_S29	13879.0	13001.0	47911.0	13485.0	14609.0	19015.0	19734.0	37446.0	24788.0	12134.0	31723.0	14141.0	13485.0	25296.0	53459.0	20147.0	27798.0	13485.0	25817.0	13485.0	12018.0	13485.0	13485.0	13485.0	13485.0	15686.0	13485.0	0.0	13485.0	19298.0	13448.0	14777.0	15079.0	25093.0	18504.0	14485.0	14168.0	13408.0	16522.0	13485.0	14977.0	13485.0	13632.0	13485.0	20173.0	16812.0	13485.0	22922.0	34186.0	22333.0
S128.8202_S30	13848.0	10123.0	47911.0	10123.0	11900.0	19015.0	19734.0	38386.0	25728.0	10890.0	27985.0	14295.0	10123.0	24518.0	52681.0	19369.0	27798.0	11734.0	25817.0	10123.0	10123.0	10123.0	10123.0	11067.0	11194.0	14908.0	10123.0	13485.0	0.0	19814.0	10123.0	14777.0	14301.0	26033.0	18658.0	14485.0	15108.0	10123.0	15744.0	10123.0	15917.0	12062.0	13632.0	10123.0	18506.0	16812.0	10123.0	22338.0	35126.0	22333.0
S129.8204_S31	19320.0	20443.0	47911.0	20443.0	20443.0	20443.0	20443.0	40643.0	27985.0	20443.0	31746.0	16253.0	16253.0	25277.0	53440.0	20128.0	27798.0	20443.0	25817.0	20443.0	20443.0	16253.0	20443.0	20443.0	20443.0	20443.0	20443.0	19298.0	19814.0	0.0	20360.0	20443.0	20443.0	28290.0	20443.0	16253.0	20219.0	19868.0	20443.0	20443.0	20443.0	20443.0	20443.0	20443.0	20443.0	20443.0	16880.0	22922.0	37383.0	22333.0
S130.8507_S32	13688.0	6640.0	47911.0	5395.0	14710.0	19015.0	19734.0	40113.0	27455.0	12617.0	31667.0	14437.0	6808.0	22106.0	50269.0	17583.0	27768.0	13374.0	25048.0	4542.0	4815.0	7911.0	2948.0	10835.0	12921.0	12496.0	4673.0	13448.0	10123.0	20360.0	0.0	14777.0	11889.0	27760.0	18800.0	14485.0	16835.0	3128.0	13332.0	9075.0	17644.0	13789.0	13632.0	7488.0	20146.0	16439.0	4631.0	22922.0	36853.0	22333.0
S131.8274_S33	14777.0	14777.0	33134.0	14777.0	14777.0	19015.0	19734.0	40503.0	27845.0	14777.0	31746.0	14777.0	14777.0	13339.0	41502.0	17973.0	27798.0	14771.0	25507.0	14777.0	14777.0	14777.0	14742.0	14774.0	14777.0	14777.0	14777.0	14777.0	14777.0	20443.0	14777.0	0.0	14777.0	28150.0	18859.0	14777.0	17225.0	14777.0	14777.0	14777.0	18034.0	14777.0	14777.0	14777.0	20173.0	16696.0	14777.0	22591.0	37243.0	7556.0
S132.8297_S34	15115.0	11014.0	47911.0	11661.0	15087.0	19015.0	19594.0	39322.0	26664.0	11826.0	31511.0	15091.0	7053.0	13758.0	38380.0	16792.0	27798.0	15068.0	25817.0	7741.0	13548.0	10278.0	14837.0	14894.0	15115.0	7053.0	11167.0	15079.0	14301.0	20443.0	11889.0	14777.0	0.0	26969.0	18652.0	15096.0	16044.0	15017.0	7053.0	14016.0	16853.0	15074.0	15115.0	11287.0	19835.0	15337.0	12468.0	21904.0	36062.0	22333.0
S133.8222_S35	19782.0	21120.0	47911.0	24959.0	14636.0	19015.0	24695.0	12353.0	16724.0	15143.0	30602.0	26099.0	28290.0	28188.0	53463.0	20151.0	27798.0	20235.0	25817.0	27954.0	25125.0	26557.0	28189.0	21693.0	14839.0	26228.0	27227.0	25093.0	26033.0	28290.0	27760.0	28150.0	26969.0	0.0	26754.0	28290.0	10994.0	24684.0	24815.0	28210.0	11994.0	13971.0	17868.0	24114.0	22296.0	27362.0	24988.0	27234.0	14876.0	27993.0
S134.8546_S36	18859.0	18859.0	47911.0	18671.0	16754.0	19015.0	18720.0	39107.0	26449.0	18770.0	29573.0	10324.0	18859.0	25280.0	53443.0	20131.0	27792.0	18817.0	25817.0	18859.0	18710.0	18859.0	18859.0	18859.0	18855.0	18859.0	18859.0	18504.0	18658.0	20443.0	18800.0	18859.0	18652.0	26754.0	0.0	18859.0	18859.0	18859.0	18859.0	18859.0	18742.0	18859.0	18859.0	18848.0	20143.0	18859.0	18859.0	22922.0	35847.0	22333.0
S135.8381_S37	14485.0	14485.0	47911.0	14485.0	14511.0	19015.0	19734.0	40643.0	27985.0	13147.0	31487.0	14496.0	14485.0	25313.0	53476.0	20164.0	27798.0	14485.0	19521.0	14485.0	14249.0	14485.0	14485.0	14485.0	14485.0	15703.0	14485.0	14485.0	14485.0	16253.0	14485.0	14777.0	15096.0	28290.0	18859.0	0.0	17365.0	14485.0	16539.0	12903.0	18174.0	14485.0	14485.0	14485.0	18583.0	15996.0	14485.0	22184.0	37383.0	22333.0
S136.8391_S38	13971.0	10896.0	47911.0	14034.0	13868.0	19015.0	15948.0	23278.0	18647.0	9323.0	31746.0	15174.0	17365.0	25332.0	53495.0	20183.0	27798.0	9310.0	25817.0	17029.0	14200.0	15632.0	17264.0	11070.0	10994.0	15722.0	16302.0	14168.0	15108.0	20219.0	16835.0	17225.0	16044.0	10994.0	18859.0	17365.0	0.0	13759.0	16558.0	17285.0	12026.0	10403.0	13632.0	13189.0	11371.0	16754.0	14063.0	22922.0	20018.0	22333.0
S137.8574_S39	11585.0	6578.0	47911.0	5395.0	14354.0	19015.0	19734.0	37037.0	24379.0	9541.0	31613.0	14496.0	9936.0	25234.0	53397.0	20085.0	27642.0	11806.0	25817.0	7276.0	4883.0	7419.0	3505.0	10538.0	9845.0	15624.0	6126.0	13408.0	10123.0	19868.0	3128.0	14777.0	15017.0	24684.0	18859.0	14485.0	13759.0	0.0	16460.0	9075.0	14568.0	10713.0	13632.0	8092.0	18578.0	15583.0	5626.0	22832.0	33777.0	22333.0
S138.8047_S40	16558.0	12457.0	47911.0	13104.0	16530.0	19015.0	19734.0	37168.0	24510.0	12041.0	31746.0	16534.0	6726.0	13758.0	36937.0	14638.0	27798.0	16511.0	25817.0	9184.0	14991.0	11721.0	16280.0	16337.0	16558.0	4903.0	12610.0	16522.0	15744.0	20443.0	13332.0	14777.0	7053.0	24815.0	18859.0	16539.0	16558.0	16460.0	0.0	15459.0	14699.0	16517.0	16558.0	12730.0	19523.0	16586.0	13911.0	22662.0	33908.0	22333.0
S139.8583_S41	13971.0	9075.0	47911.0	9075.0	13981.0	19015.0	19734.0	40563.0	27905.0	13067.0	31746.0	14496.0	9075.0	24233.0	52396.0	19084.0	27798.0	13401.0	25600.0	9075.0	9075.0	9075.0	9075.0	11057.0	13371.0	14623.0	9075.0	13485.0	10123.0	20443.0	9075.0	14777.0	14016.0	28210.0	18859.0	12903.0	17285.0	9075.0	15459.0	0.0	18094.0	14239.0	13632.0	9075.0	20173.0	16368.0	9075.0	21115.0	37303.0	22333.0
S140.8013_S42	12026.0	11004.0	47911.0	14843.0	14507.0	19015.0	18762.0	22469.0	18350.0	9892.0	23070.0	15983.0	18174.0	18072.0	41469.0	9892.0	27798.0	12956.0	25817.0	17838.0	15009.0	16441.0	18073.0	11805.0	12026.0	16112.0	17111.0	14977.0	15917.0	20443.0	17644.0	18034.0	16853.0	11994.0	18742.0	18174.0	12026.0	14568.0	14699.0	18094.0	0.0	11985.0	13632.0	13998.0	19728.0	17246.0	14872.0	22922.0	19209.0	22333.0
S141.8080_S43	12299.0	9302.0	47911.0	10988.0	14720.0	19015.0	19730.0	26324.0	18445.0	6390.0	31746.0	14496.0	14319.0	25291.0	53454.0	20142.0	27798.0	12810.0	25817.0	13983.0	11154.0	12586.0	14218.0	10733.0	9323.0	15681.0	13256.0	13485.0	12062.0	20443.0	13789.0	14777.0	15074.0	13971.0	18859.0	14485.0	10403.0	10713.0	16517.0	14239.0	11985.0	0.0	13632.0	10143.0	19582.0	14407.0	11017.0	22816.0	23064.0	22333.0
S142.8621_S44	13632.0	13632.0	47911.0	13632.0	14300.0	19015.0	19734.0	30221.0	18717.0	13632.0	31746.0	14496.0	13632.0	25332.0	53495.0	20183.0	27798.0	13632.0	25817.0	13632.0	13632.0	13632.0	13632.0	13632.0	13632.0	15722.0	13632.0	13632.0	13632.0	20443.0	13632.0	14777.0	15115.0	17868.0	18859.0	14485.0	13632.0	13632.0	16558.0	13632.0	13632.0	13632.0	0.0	13632.0	20173.0	15970.0	13632.0	22163.0	26961.0	22333.0
S143.8071_S45	13767.0	5356.0	47911.0	4669.0	14544.0	19015.0	19734.0	36467.0	23809.0	8971.0	31746.0	14485.0	6726.0	21504.0	49667.0	16355.0	27798.0	13401.0	25817.0	8531.0	8498.0	7994.0	8172.0	11064.0	9275.0	11894.0	6126.0	13485.0	10123.0	20443.0	7488.0	14777.0	11287.0	24114.0	18848.0	14485.0	13189.0	8092.0	12730.0	9075.0	13998.0	10143.0	13632.0	0.0	20173.0	16384.0	8531.0	19713.0	33207.0	22333.0
S144.8417_S46	20173.0	20075.0	47911.0	20173.0	20173.0	19015.0	19734.0	34649.0	21991.0	18502.0	31746.0	19531.0	17619.0	25332.0	53495.0	20183.0	27788.0	13034.0	25817.0	20173.0	20173.0	20173.0	20173.0	18003.0	20173.0	19157.0	20173.0	20173.0	18506.0	20443.0	20146.0	20173.0	19835.0	22296.0	20143.0	18583.0	11371.0	18578.0	19523.0	20173.0	19728.0	19582.0	20173.0	20173.0	0.0	18876.0	20173.0	22922.0	31389.0	22333.0
S145.8371_S47	16812.0	12643.0	47911.0	16514.0	16812.0	19015.0	19734.0	39715.0	27057.0	15413.0	31746.0	15745.0	16812.0	22952.0	51115.0	17803.0	27798.0	16495.0	25817.0	16005.0	15934.0	16812.0	16671.0	16730.0	16812.0	15057.0	15222.0	16812.0	16812.0	20443.0	16439.0	16696.0	15337.0	27362.0	18859.0	15996.0	16754.0	15583.0	16586.0	16368.0	17246.0	14407.0	15970.0	16384.0	18876.0	0.0	16812.0	22922.0	36455.0	22333.0
S146.8430_S48	13835.0	6578.0	47911.0	5626.0	13952.0	19015.0	19734.0	37341.0	24683.0	9845.0	31746.0	14496.0	7387.0	22685.0	50848.0	17536.0	27798.0	13401.0	25817.0	5311.0	5201.0	7373.0	5454.0	11080.0	10149.0	13075.0	5292.0	13485.0	10123.0	16880.0	4631.0	14777.0	12468.0	24988.0	18859.0	14485.0	14063.0	5626.0	13911.0	9075.0	14872.0	11017.0	13632.0	8531.0	20173.0	16812.0	0.0	18291.0	34081.0	22333.0
S147.8369_S49	22922.0	22625.0	47906.0	21193.0	22922.0	22922.0	22922.0	39587.0	26929.0	19602.0	31746.0	22376.0	22922.0	24157.0	52320.0	22922.0	27798.0	22922.0	25579.0	22922.0	22922.0	22922.0	22867.0	22922.0	22922.0	22922.0	21985.0	22922.0	22338.0	22922.0	22922.0	22591.0	21904.0	27234.0	22922.0	22184.0	22922.0	22832.0	22662.0	21115.0	22922.0	22816.0	22163.0	19713.0	22922.0	22922.0	18291.0	0.0	36327.0	22328.0
S148.8242_S50	28875.0	30213.0	47911.0	34052.0	23591.0	26796.0	33788.0	14876.0	18717.0	24236.0	27908.0	35192.0	37383.0	37281.0	53483.0	20171.0	33290.0	29328.0	34547.0	37047.0	34218.0	35650.0	37282.0	30786.0	23932.0	35321.0	36320.0	34186.0	35126.0	37383.0	36853.0	37243.0	36062.0	14876.0	35847.0	37383.0	20018.0	33777.0	33908.0	37303.0	19209.0	23064.0	26961.0	33207.0	31389.0	36455.0	34081.0	36327.0	0.0	37086.0
S149.8312_S51	22333.0	22333.0	25578.0	22333.0	22333.0	22333.0	22333.0	40346.0	27688.0	22333.0	31733.0	22333.0	22333.0	14476.0	42639.0	22333.0	27798.0	22327.0	23264.0	22333.0	22333.0	22333.0	22298.0	22330.0	22333.0	22333.0	22333.0	22333.0	22333.0	22333.0	22333.0	7556.0	22333.0	27993.0	22333.0	22333.0	22333.0	22333.0	22333.0	22333.0	22333.0	22333.0	22333.0	22333.0	22333.0	22333.0	22333.0	22328.0	37086.0	0.0
